0 60 1 400 3.3
0 60 2 400 3.7
0 60 1 400 4.1
0 60 2 400 4.5

60 120 1 400 4.9
60 120 2 400 5.3
60 120 1 400 5.7
60 120 2 400 6.1

120 180 2 400 6.5
130 190 2 400 6.9
140 200 1 400 7.3
150 210 1 400 7.7

220 280 2 400 8.1
250 310 2 400 8.5
280 360 1 400 8.9
310 10 1 400 9.3

0 60 2 400 9.7
0 60 1 400 10.1
0 60 2 400 10.5
0 60 1 400 10.9

60 120 2 400 11.4
60 120 2 400 11.8
60 120 2 400 12.2
60 120 2 400 12.6

120 180 2 400 13.0
130 190 2 400 13.4
140 200 1 400 13.8
150 210 1 400 14.2

220 280 2 400 14.6
250 310 2 400 15.0
280 360 1 400 15.4
300 20 2 400 15.8

0 60 1 400 16.4
0 60 2 400 16.8
0 60 1 400 17.2
0 60 2 400 17.6

60 120 2 400 18.0
60 120 2 400 18.3
60 120 2 400 18.7
60 120 2 400 19.1
60 120 2 400 19.5

120 180 2 400 19.9
130 190 2 400 20.3
140 200 1 400 20.7
150 210 1 400 21.1

220 280 2 400 21.5
250 310 2 400 21.9
280 360 1 400 22.3
300 20 2 400 22.7

0 60 2 400 23.2
0 60 2 400 23.6
0 60 2 400 24.0
0 60 2 400 24.4

60 120 1 400 24.8
90 150 1 400 25.2
120 180 1 400 25.6
150 210 1 400 26.0
///////////////////////
90 130 2 400 26.6
110 150 2 400 26.7
130 170 2 400 26.8

0 40 1 400 27.0
20 60 1 400 27.1
40 80 1 400 27.2

90 130 2 400 27.4
110 150 2 400 27.5
130 170 2 400 27.6

200 240 1 400 27.8
220 260 1 400 27.9
240 280 1 400 28.0
///////////////////////
90 130 1 400 28.2
120 160 1 400 28.3
160 200 1 400 28.4

180 220 1 400 28.6
210 250 1 400 28.7
250 290 1 400 28.8

300 340 1 400 29.0
340 20 1 400 29.1
20 60 1 400 29.2

90 130 1 400 29.4
120 160 1 400 29.5
160 200 1 400 29.6
//////////////////////////
180 220 2 400 29.8
210 250 2 400 29.9
250 290 2 400 30.0

300 340 2 400 30.2
340 20 2 400 30.3
20 60 2 400 30.4

90 130 2 400 30.6
120 160 2 400 30.7
160 200 2 400 30.8

180 220 2 400 31.0
210 250 2 400 31.1
250 290 2 400 31.2
//////////////////////////
300 340 1 400 31.4
340 20 1 400 31.5
20 60 1 400 31.6

90 130 1 400 31.8
120 160 1 400 31.9
160 200 1 400 32.0

180 220 1 400 32.2
210 250 1 400 32.3
250 290 1 400 32.4

300 340 1 400 32.6
340 20 1 400 32.7
20 60 1 400 32.8
//////////////////////////
